0 represents null space
1 represents wall
2 represents box
3 represents destination
4 represents outside

map1
 1 1 1 1 4 4 4
 1 3 0 1 1 4 4
 1 3 0 0 1 4 4
 1 3 0 2 1 4 4
 1 1 2 0 1 1 1
 4 1 0 2 0 0 1
 4 1 0 0 0 0 1
 4 1 0 0 1 1 1
 4 1 1 1 1 4 4

map2
1 1 1 1 1 4
1 0 0 0 1 4
1 3 3 3 1 4
1 2 2 2 1 1
1 0 0 0 0 1
1 0 0 0 0 1
1 1 1 1 1 1

map3
1 1 1 1 1 1 1 1
1 3 0 0 0 0 0 1
1 0 3 2 2 2 0 1
1 3 0 0 0 0 0 1
1 1 1 1 1 0 0 1
4 4 4 4 1 1 1 1

map4
1 1 1 1 1 1 1
1 0 0 0 0 0 1
1 0 3 2 3 0 1
1 0 2 3 2 0 1
1 0 3 2 3 0 1
1 0 2 3 2 0 1
1 0 0 0 0 0 1
1 1 1 1 1 1 1

map5
4 1 1 1 1 4 4 4 4 4
4 1 0 0 1 1 1 1 4 4 
4 1 0 0 0 0 0 1 1 4
1 1 0 1 1 0 0 0 1 4
1 3 0 3 1 0 0 2 1 1
1 0 0 0 1 0 2 2 0 1
1 0 0 3 1 0 0 0 0 1
1 1 1 1 1 1 1 1 1 1


